DATAFILE
uniq_males_norm.dat
TRAITS
2 4 5 7 9 10
FIELDS_PASSED TO OUTPUT
1
WEIGHT(S)

RESIDUAL_VARIANCE
 0.66375      0.22305      0.25650      0.18508      0.12757      0.70162E-01
  0.22305      0.65474      0.52933      0.49426      0.65515      0.40001E-01
  0.25650      0.52933      0.68004      0.43873      0.45893      0.40681E-01
  0.18508      0.49426      0.43873      0.40267      0.45993      0.29370E-01
  0.12757      0.65515      0.45893      0.45993      0.88473      0.23313E-01
  0.70162E-01  0.40001E-01  0.40681E-01  0.29370E-01  0.23313E-01  0.34199
EFFECT
15 15 15 15 15 15 cross alpha
EFFECT
13 13 13 13 13 0 cov
#EFFECT
#14 14 14 14 14 14 14 14 cross alpha 
EFFECT
1 1 1 1 1 1 cross alpha
RANDOM
animal
FILE
data.ped
FILE_POS
1 2 3 0 0
SNP_FILE
snp_file
PED_DEPTH
5
OPTION missing -999
